407 404 401 398 381 377 374 370 341
368 385 445 465 280 290 297 303 435
535 540 542 543 454 457 460 465 471
596 592 586 580 490 490 490 490 475
310 290 288 287 259 256 253 253 247
240 240 240 240 209 209 209 209 209
529 535 540 542 450 454 457 460 471
616 620 624 626 472 475 478 481 490
542 543 543 543 460 465 466 467 470
258 257 256 256 242 241 240 239 232
416 413 413 407 393 390 385 381 353
104 105 106 109 155 156 156 156 178
344 358 370 380 288 300 314 328 398
235 240 246 245 215 215 215 216 235
594 598 602 606 412 435 447 465 483
390 385 382 379 357 353 349 345 319
370 380 394 404 314 328 340 350 412
484 476 470 464 460 456 451 448 416
250 257 263 266 218 221 225 230 255
330 349 368 385 259 270 280 290 390
540 542 543 543 457 460 465 466 471
239 238 237 236 210 211 211 212 215
372 369 366 363 333 328 325 322 308
517 523 529 535 438 445 450 454 470
100 101 101 102 153 153 153 153 156
507 503 497 494 468 467 465 462 441
334 330 328 326 308 306 303 300 280
586 588 594 598 362 390 412 435 478
240 239 238 237 210 210 211 211 215
106 109 113 120 156 156 156 160 192
162 184 204 228 168 172 178 188 270
602 606 609 612 447 465 468 470 486
269 265 261 258 248 247 247 247 242
480 475 468 460 457 455 450 447 424
120 134 143 162 160 164 165 168 237
357 355 353 350 313 311 309 308 294
363 360 357 355 331 328 328 325 305
521 518 513 507 470 470 469 468 450
228 250 277 295 188 192 207 224 297
232 231 230 235 214 214 215 215 225
379 376 374 372 345 341 337 333 313
265 261 258 256 247 247 247 246 241
204 228 250 277 178 188 192 207 290
267 262 258 257 244 243 242 241 234
270 274 277 281 238 240 245 250 328
394 404 413 421 340 350 360 370 428
276 272 270 267 246 245 245 244 236
285 282 280 276 252 252 251 250 246
369 368 368 367 322 327 330 333 320
341 339 337 338 300 298 296 294 288
261 258 256 276 247 247 246 246 240
100 100 100 101 153 153 153 153 156
404 401 398 395 377 374 370 365 337
240 246 245 245 215 215 216 217 238
476 470 464 457 456 451 448 444 410
319 318 317 316 288 286 284 280 259
240 240 240 240 209 208 208 208 209
370 364 359 354 339 335 329 327 303
542 539 534 531 471 471 471 471 465
606 609 612 616 465 468 470 472 488
272 270 267 262 245 245 244 243 234
527 521 518 513 470 470 470 469 455
468 460 452 445 450 447 444 441 417
346 343 341 339 305 303 300 298 290
312 311 310 310 268 265 262 259 250
256 276 272 270 246 246 245 245 238
628 628 628 627 483 485 486 488 490
366 363 360 359 325 322 319 317 305
250 250 240 240 210 210 209 209 208
368 369 368 368 315 322 327 330 322
416 411 406 400 404 396 390 382 339
503 497 494 487 467 465 462 459 437
496 508 517 523 428 433 438 445 467
280 276 273 269 251 250 249 248 245
377 372 370 364 351 344 339 335 308
317 316 314 313 284 280 276 274 253
240 240 240 241 208 208 208 208 209
95 96 97 98 152 153 153 153 153
113 120 134 143 156 160 164 165 224
295 300 320 330 224 237 246 259 326
320 319 318 317 292 288 286 284 262
277 295 300 320 207 224 237 246 314
520 510 504 496 478 475 470 468 440
339 340 342 345 294 293 291 291 308
95 95 95 95 148 149 150 150 153
424 420 416 413 401 397 393 390 361
513 507 503 497 469 468 467 465 444
544 520 510 504 481 478 475 470 444
257 263 266 268 221 225 230 232 260
543 542 542 539 469 470 471 471 468
411 406 400 396 396 390 382 376 335
452 445 438 431 444 441 437 433 410
274 277 281 297 240 245 250 255 340
345 341 337 334 319 315 311 308 288
454 464 476 485 398 405 412 420 457
256 256 256 256 235 234 233 232 236
628 627 624 618 486 488 489 490 490
542 542 539 534 470 471 471 471 467
95 95 95 95 150 150 150 150 153
236 235 234 233 212 213 213 214 216
476 485 496 508 412 420 428 433 465
237 236 235 234 211 212 213 213 215
231 230 235 240 214 215 215 215 230
297 300 320 344 255 260 270 288 370
241 240 239 238 209 210 210 211 214
487 480 475 468 459 457 455 450 427
367 365 363 360 333 333 331 328 310
475 468 460 452 455 450 447 444 420
96 97 98 100 153 153 153 153 154
326 324 322 320 300 296 294 292 271
313 312 312 311 274 271 268 265 252
268 269 270 274 232 235 238 240 300
413 413 407 404 390 385 381 377 349
240 240 240 240 209 209 208 208 209
349 368 385 445 270 280 290 297 412
350 348 346 343 308 307 305 303 291
508 517 523 529 433 438 445 450 469
95 95 95 95 150 150 150 152 153
440 436 431 420 417 413 410 405 377
360 357 355 354 328 328 325 322 305
287 285 282 280 253 252 252 251 246
598 602 606 609 435 447 465 468 485
570 564 556 544 488 486 484 481 456
288 287 285 282 253 253 252 252 247
282 280 276 273 252 251 250 249 245
97 98 100 100 153 153 153 153 155
243 243 242 242 209 209 209 209 213
250 250 250 240 215 210 210 209 208
250 277 295 300 192 207 224 237 303
365 363 360 357 333 331 328 328 307
320 330 349 368 246 259 270 280 362
490 484 476 470 464 460 456 451 422
592 586 580 576 490 490 490 489 470
494 487 480 475 462 459 457 455 430
300 320 330 349 237 246 259 270 340
348 346 343 341 307 305 303 300 291
550 573 586 588 326 340 362 390 472
242 242 241 240 209 209 209 210 214
465 514 550 573 303 314 326 340 468
497 494 487 480 465 462 459 457 433
485 496 508 517 420 428 433 438 466
360 359 358 357 319 317 315 313 300
369 366 363 360 328 325 322 319 307
510 504 496 490 475 470 468 464 436
452 448 442 437 440 436 431 427 382
342 345 350 352 291 291 290 288 322
354 350 345 341 327 323 319 315 294
624 618 613 608 489 490 490 490 488
98 100 100 100 153 153 153 153 156
437 432 426 421 427 422 416 410 360
256 256 255 256 240 239 238 236 230
618 613 608 604 490 490 490 490 486
385 382 379 376 353 349 345 341 317
460 452 445 438 447 444 441 437 413
453 453 447 444 430 427 424 420 393
624 626 628 628 478 481 483 485 490
496 490 484 476 468 464 460 456 427
626 628 628 628 481 483 485 486 490
101 102 102 103 153 153 153 154 164
234 233 232 231 213 214 214 214 218
534 531 527 521 471 471 470 470 459
382 379 376 374 349 345 341 337 315
445 438 431 453 441 437 433 430 405
339 337 338 339 298 296 294 294 290
345 350 352 356 291 290 288 288 327
372 370 364 359 344 339 335 329 306
556 544 520 510 484 481 478 475 448
242 242 243 243 208 209 209 209 211
608 604 596 592 490 490 490 490 481
543 543 543 543 465 466 467 469 470
358 357 355 353 315 313 311 309 296
374 372 369 366 337 333 328 325 309
257 256 256 255 241 240 239 238 231
404 413 421 432 350 360 370 380 433
240 240 241 242 208 208 208 208 210
95 95 96 97 152 152 153 153 153
360 364 365 366 290 294 302 308 331
464 476 485 496 405 412 420 428 460
398 395 392 390 370 365 361 357 328
311 310 310 290 265 262 259 256 249
464 457 452 448 448 444 440 436 396
277 281 297 300 245 250 255 260 350
241 242 242 243 208 208 209 209 211
290 288 287 285 256 253 253 252 247
337 338 339 340 296 294 294 293 294
356 360 364 365 288 290 294 302 333
420 424 420 416 405 401 397 393 365
628 628 627 624 485 486 488 489 490
276 273 269 265 250 249 248 247 244
109 113 120 134 156 156 160 164 207
448 442 437 432 436 431 427 422 376
242 243 243 242 209 209 209 209 212
269 270 274 277 235 238 240 245 314
604 596 592 586 490 490 490 490 478
586 580 576 570 490 490 489 488 468
258 256 276 272 247 246 246 245 239
330 328 326 324 306 303 300 296 276
391 386 382 377 368 360 356 351 319
318 317 316 314 286 284 280 276 256
359 354 350 345 329 327 323 319 296
350 352 356 360 290 288 288 290 330
368 368 367 365 327 330 333 333 317
256 256 256 256 234 235 234 233 234
514 550 573 586 314 326 340 362 470
368 367 365 363 330 333 333 331 315
413 421 432 443 360 370 380 390 438
436 431 420 424 413 410 405 401 374
343 341 339 337 303 300 298 296 288
310 310 290 288 262 259 256 253 248
620 624 626 628 475 478 481 483 490
364 359 354 350 335 329 327 323 300
337 334 330 328 311 308 306 303 284
355 353 350 348 311 309 308 307 294
320 344 358 370 270 288 300 314 390
184 204 228 250 172 178 188 192 280
359 358 357 355 317 315 313 311 298
392 390 385 382 361 357 353 349 322
341 337 334 330 315 311 308 306 286
105 106 109 113 156 156 156 156 188
102 103 104 105 153 154 155 156 168
564 556 544 520 486 484 481 478 451
385 445 465 514 290 297 303 314 447
324 322 320 319 296 294 292 288 268
443 454 464 476 390 398 405 412 454
447 444 440 436 424 420 417 413 385
576 570 564 556 489 488 486 484 460
314 313 312 312 276 274 271 268 252
453 447 444 440 427 424 420 417 390
627 624 618 613 488 489 490 490 489
134 143 162 184 164 165 168 172 246
396 391 386 382 376 368 360 356 323
240 240 240 240 209 209 209 209 209
358 370 380 394 300 314 328 340 405
504 496 490 484 470 468 464 460 431
376 374 372 369 341 337 333 328 311
352 356 360 364 288 288 290 294 333
395 392 390 385 365 361 357 353 325
101 101 102 102 153 153 153 153 160
421 416 411 406 410 404 396 390 344
262 258 257 256 243 242 241 240 233
613 608 604 596 490 490 490 490 484
270 267 262 258 245 244 243 242 235
580 576 570 564 490 489 488 486 464
366 368 369 368 308 315 322 327 325
256 256 256 256 236 234 235 234 232
518 513 507 503 470 469 468 467 447
442 437 432 426 431 427 422 416 368
406 400 396 391 390 382 376 368 329
426 421 416 411 416 410 404 396 351
421 432 443 454 370 380 390 398 445
103 104 105 106 154 155 156 156 172
401 398 395 392 374 370 365 361 333
250 240 240 240 210 209 209 209 208
100 100 101 101 153 153 153 153 156
102 102 103 104 153 153 154 155 165
266 268 269 270 230 232 235 238 288
95 95 95 95 150 150 150 150 153
273 269 265 261 249 248 247 247 243
95 95 95 95 149 150 150 150 153
246 245 245 250 215 216 217 218 240
539 534 531 527 471 471 471 470 462
445 465 514 550 297 303 314 326 465
322 320 319 318 294 292 288 286 265
281 297 300 320 250 255 260 270 360
612 616 620 624 470 472 475 478 490
230 235 240 246 215 215 215 215 232
240 241 242 242 208 208 208 209 210
95 95 95 95 150 150 152 152 153
400 396 391 386 382 376 368 360 327
457 452 448 442 444 440 436 431 390
531 527 521 518 471 470 470 470 457
364 365 366 368 294 302 308 315 328
256 256 256 256 234 233 232 231 240
431 453 453 447 433 430 427 424 397
312 312 311 310 271 268 265 262 251
438 431 453 453 437 433 430 427 401
245 245 250 257 216 217 218 221 245
523 529 535 540 445 450 454 457 471
432 426 421 416 422 416 410 404 356
143 162 184 204 165 168 172 178 259
243 242 242 241 209 209 209 209 213
240 240 240 240 209 209 209 208 209
573 586 588 594 340 362 390 412 475