238 237 236 235 211 211 212 213 215
233 232 231 230 214 214 214 215 221
242 241 240 239 209 209 210 210 214
256 255 256 256 239 238 236 234 230
235 234 233 232 213 213 214 214 217
432 443 454 464 380 390 398 405 450
95 95 95 96 150 152 152 153 153
413 407 404 401 385 381 377 374 345
380 394 404 413 328 340 350 360 420
255 256 256 256 238 236 234 235 231
431 420 424 420 410 405 401 397 370
338 339 340 342 294 294 293 291 302
444 440 436 431 420 417 413 410 381
340 342 345 350 293 291 291 290 315
470 464 457 452 451 448 444 440 404
386 382 377 372 360 356 351 344 315
588 594 598 602 390 412 435 447 481
263 266 268 269 225 230 232 235 270
420 416 413 413 397 393 390 385 357
363 360 359 358 322 319 317 315 303
316 314 313 312 280 276 274 271 253
543 543 542 542 467 469 470 471 469
365 366 368 369 302 308 315 322 328
382 377 372 370 356 351 344 339 311
543 543 543 542 466 467 469 470 470
350 345 341 337 323 319 315 311 292
245 250 257 263 217 218 221 225 250
300 320 344 358 260 270 288 300 380
609 612 616 620 468 470 472 475 489
328 326 324 322 303 300 296 294 274
353 350 348 346 309 308 307 305 293