0010011001
0010011001
0010011001
0010011001
0010011001
0010011001
0010011001
0010011001
0010011001
0010011010
0010011011
0010011100
0010011100
0010011100
0010011100
0010100000
0010100100
0010100101
0010101000
0010101100
0010110010
0010111100
0011000000
0011001111
0011100000
0011101101
0011110110
0100000011
0100001110
0100011000
0100100010
0100101001
0100101111
0100111010
0101000110
0101010100
0101101010
0110000110
0110011100
0110110011
0110111111
0111010001
0111010100
0111010110
0111011000
0111011011
0111011110
0111100001
0111100011
0111100101
0111100110
0111101000
0111101001
0111101010
0111101010
0111101010
0111101010
0111101010
0111101010
0111101010
0111101010
0111101001
0111101000
0111100110
0111100100
0111100001
0111011110
0111011011
0111010110
0111010100
0111010000
0111001100
0111001000
0111000011
0111000000
0110111100
0110111000
0110110100
0110101111
0110101011
0110100110
0110100000
0110011010
0110010100
0110001100
0110000110
0101111110
0101111000
0101110000
0101101000
0101100100
0101011111
0101011000
0101010011
0101001111
0101001001
0101000111
0101000011
0100111111
0100111011
0100110111
0100110100
0100110010
0100101111
0100101100
0100101000
0100100110
0100100100
0100100000
0100011110
0100011100
0100011000
0100010100
0100010010
0100001111
0100001100
0100001001
0100000110
0100000011
0100000000
0011111101
0011111101
0011111100
0011111100
0011111011
0011111010
0011111001
0011111000
0011110111
0011110111
0011110111
0011110110
0011110110
0011110101
0011110101
0011110100
0011110011
0011110010
0011110001
0011110000
0011101111
0011101110
0011101100
0011101010
0011101011
0011101010
0011101001
0011101000
0011100111
0011100110
0011100110
0011100111
0011101000
0011101010
0011101100
0011110000
0011010000
0011010000
0011010000
0011010001
0011010001
0011010001
0011010001
0011010001
0011010001
0011010010
0011010010
0011010011
0011010011
0011010100
0011010101
0011010101
0011010110
0011010110
0011010110
0011010111
0011010111
0011010111
0011010111
0011011000
0011011001
0011011010
0011011101
0011100001
0011100110
0011101000
0011101011
0011101110
0011110000
0011110101
0011111010
0011111111
0100000100
0100001110
0100100000
0100101100
0100111010
0101001000
0101010100
0101011110
0101101000
0101110010
0101111100
0110000110
0110001110
0110010101
0110011100
0110100100
0110101100
0110110001
0110110110
0110111101
0111000010
0111000110
0111001001
0111001100
0111010001
0111010010
0111010011
0111010101
0111010110
0111010111
0111010111
0111010111
0111010111
0111010110
0111010110
0111010110
0111010101
0111010100
0111010011
0111010001
0111001110
0111001011
0111001001
0111000111
0111000010
0110111111
0110111100
0110111001
0110110101
0110110001
0110101110
0110101011
0110101000
0110100100
0110100001
0110011101
0110011010
0110010101
0110010001
0110001101
0110001001
0110000110
0110000001
0101111101
0101111001
0101110110
0101110010
0101101101
0101101001
0101100101
0101100001
0101011101
0101011001
0101010101
0101010001
0101001101
0101001000
0101000101
0101000010
0100111111
0100111101
0100111011
0100111001
0100110111
0100110101
0100110100
0100110011
0100110001
0100101111
0100101100
0100101010
0100101000
0100100110
0100100110
0100100101
0100100011
0100100011
0100100010
0100100000
0100100000
0100100010
0100100110
0100101110
0100110100
0100111011
0101000010
0101000111
0101001010
0101001101
0101001101
0101001011
0101001000
0101001000
0101000101
0101000010
0101000000
0100111101
0100111011
0100110110
0100110011
0100110001
0100110001